Droptail RENO
Droptail SACK
Reno RED
SACK RED

X1 = [0.000000, 0.500000, 1.000000, 1.500000, 2.000000, 2.500000, 3.000000, 3.500000, 4.000000, 4.500000, 5.000000]
X2 = [0.000000, 0.500000, 1.000000, 1.500000, 2.000000, 2.500000, 3.000000, 3.500000, 4.000000, 4.500000, 5.000000]
X3 = [0.000000, 0.500000, 1.000000, 1.500000, 2.000000, 2.500000, 3.000000, 3.500000, 4.000000, 4.500000, 5.000000]
X4 = [0.000000, 0.500000, 1.000000, 1.500000, 2.000000, 2.500000, 3.000000, 3.500000, 4.000000, 4.500000, 5.000000]

Y1 = [0.061392, 0.063872, 0.063071, 0.062886, 0.062805, 0.066098, 0.069758, 0.069508, 0.071376, 0.070093, 0.069045]
Y2 = [0.061392, 0.063872, 0.063071, 0.062886, 0.062805, 0.066098, 0.069395, 0.071563, 0.072877, 0.071539, 0.070256]
Y3 = [0.061392, 0.063872, 0.063071, 0.062886, 0.062805, 0.065179, 0.068948, 0.069761, 0.070454, 0.069869, 0.069000]
Y4 = [0.061392, 0.063872, 0.063071, 0.062886, 0.062805, 0.066005, 0.066471, 0.066423, 0.066885, 0.066397, 0.065829]




 
